{
 "cells": [
  {
   "cell_type": "code",
   "execution_count": 1,
   "metadata": {},
   "outputs": [],
   "source": [
    "import sys\n",
    "\n",
    "sys.path.append(\"/home/ptbadia/code/tfg/tfg_ttcross\")"
   ]
  },
  {
   "cell_type": "code",
   "execution_count": 2,
   "metadata": {},
   "outputs": [],
   "source": [
    "import numpy as np\n",
    "import numba as nb\n",
    "import matplotlib.pyplot as plt\n",
    "from tt_cross.src.utils.functions import *\n",
    "from tt_cross.src.regular_tt_cross.dmrg_cross import *\n",
    "from tt_cross.src.quantic_tt_cross.interpolators_1D import *"
   ]
  },
  {
   "cell_type": "code",
   "execution_count": 3,
   "metadata": {},
   "outputs": [
    {
     "data": {
      "text/plain": [
       "array([[0.5       , 0.55172414, 0.60344828, 0.65517241, 0.70689655,\n",
       "        0.75862069, 0.81034483, 0.86206897, 0.9137931 , 0.96551724,\n",
       "        1.01724138, 1.06896552, 1.12068966, 1.17241379, 1.22413793,\n",
       "        1.27586207, 1.32758621, 1.37931034, 1.43103448, 1.48275862,\n",
       "        1.53448276, 1.5862069 , 1.63793103, 1.68965517, 1.74137931,\n",
       "        1.79310345, 1.84482759, 1.89655172, 1.94827586, 2.        ],\n",
       "       [0.5       , 0.55172414, 0.60344828, 0.65517241, 0.70689655,\n",
       "        0.75862069, 0.81034483, 0.86206897, 0.9137931 , 0.96551724,\n",
       "        1.01724138, 1.06896552, 1.12068966, 1.17241379, 1.22413793,\n",
       "        1.27586207, 1.32758621, 1.37931034, 1.43103448, 1.48275862,\n",
       "        1.53448276, 1.5862069 , 1.63793103, 1.68965517, 1.74137931,\n",
       "        1.79310345, 1.84482759, 1.89655172, 1.94827586, 2.        ],\n",
       "       [0.5       , 0.55172414, 0.60344828, 0.65517241, 0.70689655,\n",
       "        0.75862069, 0.81034483, 0.86206897, 0.9137931 , 0.96551724,\n",
       "        1.01724138, 1.06896552, 1.12068966, 1.17241379, 1.22413793,\n",
       "        1.27586207, 1.32758621, 1.37931034, 1.43103448, 1.48275862,\n",
       "        1.53448276, 1.5862069 , 1.63793103, 1.68965517, 1.74137931,\n",
       "        1.79310345, 1.84482759, 1.89655172, 1.94827586, 2.        ],\n",
       "       [0.5       , 0.55172414, 0.60344828, 0.65517241, 0.70689655,\n",
       "        0.75862069, 0.81034483, 0.86206897, 0.9137931 , 0.96551724,\n",
       "        1.01724138, 1.06896552, 1.12068966, 1.17241379, 1.22413793,\n",
       "        1.27586207, 1.32758621, 1.37931034, 1.43103448, 1.48275862,\n",
       "        1.53448276, 1.5862069 , 1.63793103, 1.68965517, 1.74137931,\n",
       "        1.79310345, 1.84482759, 1.89655172, 1.94827586, 2.        ],\n",
       "       [0.5       , 0.55172414, 0.60344828, 0.65517241, 0.70689655,\n",
       "        0.75862069, 0.81034483, 0.86206897, 0.9137931 , 0.96551724,\n",
       "        1.01724138, 1.06896552, 1.12068966, 1.17241379, 1.22413793,\n",
       "        1.27586207, 1.32758621, 1.37931034, 1.43103448, 1.48275862,\n",
       "        1.53448276, 1.5862069 , 1.63793103, 1.68965517, 1.74137931,\n",
       "        1.79310345, 1.84482759, 1.89655172, 1.94827586, 2.        ],\n",
       "       [0.5       , 0.55172414, 0.60344828, 0.65517241, 0.70689655,\n",
       "        0.75862069, 0.81034483, 0.86206897, 0.9137931 , 0.96551724,\n",
       "        1.01724138, 1.06896552, 1.12068966, 1.17241379, 1.22413793,\n",
       "        1.27586207, 1.32758621, 1.37931034, 1.43103448, 1.48275862,\n",
       "        1.53448276, 1.5862069 , 1.63793103, 1.68965517, 1.74137931,\n",
       "        1.79310345, 1.84482759, 1.89655172, 1.94827586, 2.        ],\n",
       "       [0.5       , 0.55172414, 0.60344828, 0.65517241, 0.70689655,\n",
       "        0.75862069, 0.81034483, 0.86206897, 0.9137931 , 0.96551724,\n",
       "        1.01724138, 1.06896552, 1.12068966, 1.17241379, 1.22413793,\n",
       "        1.27586207, 1.32758621, 1.37931034, 1.43103448, 1.48275862,\n",
       "        1.53448276, 1.5862069 , 1.63793103, 1.68965517, 1.74137931,\n",
       "        1.79310345, 1.84482759, 1.89655172, 1.94827586, 2.        ],\n",
       "       [0.5       , 0.55172414, 0.60344828, 0.65517241, 0.70689655,\n",
       "        0.75862069, 0.81034483, 0.86206897, 0.9137931 , 0.96551724,\n",
       "        1.01724138, 1.06896552, 1.12068966, 1.17241379, 1.22413793,\n",
       "        1.27586207, 1.32758621, 1.37931034, 1.43103448, 1.48275862,\n",
       "        1.53448276, 1.5862069 , 1.63793103, 1.68965517, 1.74137931,\n",
       "        1.79310345, 1.84482759, 1.89655172, 1.94827586, 2.        ],\n",
       "       [0.5       , 0.55172414, 0.60344828, 0.65517241, 0.70689655,\n",
       "        0.75862069, 0.81034483, 0.86206897, 0.9137931 , 0.96551724,\n",
       "        1.01724138, 1.06896552, 1.12068966, 1.17241379, 1.22413793,\n",
       "        1.27586207, 1.32758621, 1.37931034, 1.43103448, 1.48275862,\n",
       "        1.53448276, 1.5862069 , 1.63793103, 1.68965517, 1.74137931,\n",
       "        1.79310345, 1.84482759, 1.89655172, 1.94827586, 2.        ],\n",
       "       [0.5       , 0.55172414, 0.60344828, 0.65517241, 0.70689655,\n",
       "        0.75862069, 0.81034483, 0.86206897, 0.9137931 , 0.96551724,\n",
       "        1.01724138, 1.06896552, 1.12068966, 1.17241379, 1.22413793,\n",
       "        1.27586207, 1.32758621, 1.37931034, 1.43103448, 1.48275862,\n",
       "        1.53448276, 1.5862069 , 1.63793103, 1.68965517, 1.74137931,\n",
       "        1.79310345, 1.84482759, 1.89655172, 1.94827586, 2.        ]])"
      ]
     },
     "execution_count": 3,
     "metadata": {},
     "output_type": "execute_result"
    }
   ],
   "source": [
    "# grid_creation\n",
    "num_var = 10\n",
    "subdivision = 30\n",
    "temp = [np.linspace(0.5, 2, subdivision) for _ in range(num_var)]\n",
    "grid = np.array(temp)\n",
    "grid"
   ]
  },
  {
   "cell_type": "code",
   "execution_count": 4,
   "metadata": {},
   "outputs": [
    {
     "name": "stdout",
     "output_type": "stream",
     "text": [
      "Initialization done after time: 0.20523762702941895 seconds and 1 tries.\n"
     ]
    }
   ],
   "source": [
    "ttrc_interpolator = ttrc(\n",
    "    func=slater,\n",
    "    num_variables=num_var,\n",
    "    grid=grid,\n",
    "    maxvol_tol=1,\n",
    "    truncation_tol=1e-10,\n",
    "    sweeps=5,\n",
    "    initial_bond_guess=10,\n",
    "    max_bond=20,\n",
    ")"
   ]
  },
  {
   "cell_type": "code",
   "execution_count": 5,
   "metadata": {},
   "outputs": [
    {
     "name": "stdout",
     "output_type": "stream",
     "text": [
      "(1, 1)\n",
      "(10, 1)\n",
      "(10, 2)\n",
      "(10, 3)\n",
      "(10, 4)\n",
      "(10, 5)\n",
      "(10, 6)\n",
      "(10, 7)\n",
      "(10, 8)\n",
      "(10, 9)\n"
     ]
    }
   ],
   "source": [
    "for i in ttrc_interpolator.i:\n",
    "    print(i.shape)"
   ]
  },
  {
   "cell_type": "code",
   "execution_count": 6,
   "metadata": {},
   "outputs": [
    {
     "name": "stdout",
     "output_type": "stream",
     "text": [
      "(10, 9)\n",
      "(10, 8)\n",
      "(10, 7)\n",
      "(10, 6)\n",
      "(10, 5)\n",
      "(10, 4)\n",
      "(10, 3)\n",
      "(10, 2)\n",
      "(10, 1)\n",
      "(1, 1)\n"
     ]
    }
   ],
   "source": [
    "for j in ttrc_interpolator.j:\n",
    "    print(j.shape)"
   ]
  },
  {
   "cell_type": "code",
   "execution_count": 7,
   "metadata": {},
   "outputs": [
    {
     "data": {
      "text/plain": [
       "array([10, 10, 10, 10, 10, 10, 10, 10, 10])"
      ]
     },
     "execution_count": 7,
     "metadata": {},
     "output_type": "execute_result"
    }
   ],
   "source": [
    "ttrc_interpolator.bonds"
   ]
  },
  {
   "cell_type": "code",
   "execution_count": 8,
   "metadata": {},
   "outputs": [
    {
     "name": "stdout",
     "output_type": "stream",
     "text": [
      "(1, 30, 10)\n",
      "(10, 30, 10)\n",
      "(10, 30, 10)\n",
      "(10, 30, 10)\n",
      "(10, 30, 10)\n",
      "(10, 30, 10)\n",
      "(10, 30, 10)\n",
      "(10, 30, 10)\n",
      "(10, 30, 10)\n",
      "(10, 30, 1)\n"
     ]
    }
   ],
   "source": [
    "for t in ttrc_interpolator.b:\n",
    "    print(t.shape)"
   ]
  },
  {
   "cell_type": "code",
   "execution_count": 9,
   "metadata": {},
   "outputs": [
    {
     "data": {
      "text/plain": [
       "array([[1.]])"
      ]
     },
     "execution_count": 9,
     "metadata": {},
     "output_type": "execute_result"
    }
   ],
   "source": [
    "ttrc_interpolator.p[-1]"
   ]
  },
  {
   "cell_type": "code",
   "execution_count": 10,
   "metadata": {},
   "outputs": [],
   "source": [
    "ttrc_interpolator.initial_sweep()"
   ]
  },
  {
   "cell_type": "code",
   "execution_count": 11,
   "metadata": {},
   "outputs": [
    {
     "name": "stdout",
     "output_type": "stream",
     "text": [
      "[[ 1.00000000e+00 -5.55111512e-17  3.64291930e-17  2.22044605e-16\n",
      "   5.55111512e-17  1.73472348e-18  0.00000000e+00 -2.77555756e-17\n",
      "  -9.36750677e-17 -2.08166817e-17]\n",
      " [-5.55111512e-17  1.00000000e+00 -1.11022302e-16  1.17961196e-16\n",
      "  -2.42861287e-17 -9.02056208e-17  1.38777878e-17 -3.46944695e-18\n",
      "   5.55111512e-17  3.90312782e-17]\n",
      " [ 3.64291930e-17 -1.11022302e-16  1.00000000e+00  5.55111512e-17\n",
      "  -5.55111512e-17 -4.77048956e-17 -5.55111512e-17 -5.55111512e-17\n",
      "  -1.04083409e-17 -1.38777878e-17]\n",
      " [ 2.22044605e-16  1.17961196e-16  5.55111512e-17  1.00000000e+00\n",
      "   1.52655666e-16  7.97972799e-17  0.00000000e+00  1.04083409e-16\n",
      "   1.38777878e-17 -1.21430643e-17]\n",
      " [ 5.55111512e-17 -2.42861287e-17 -5.55111512e-17  1.52655666e-16\n",
      "   1.00000000e+00  1.11022302e-16 -4.16333634e-17  1.38777878e-16\n",
      "   3.46944695e-17 -2.77555756e-17]\n",
      " [ 1.73472348e-18 -9.02056208e-17 -4.77048956e-17  7.97972799e-17\n",
      "   1.11022302e-16  1.00000000e+00 -2.77555756e-17 -1.38777878e-16\n",
      "  -4.16333634e-17 -1.38777878e-17]\n",
      " [ 0.00000000e+00  1.38777878e-17 -5.55111512e-17  0.00000000e+00\n",
      "  -4.16333634e-17 -2.77555756e-17  1.00000000e+00 -2.77555756e-16\n",
      "   1.73472348e-18  1.73472348e-17]\n",
      " [-2.77555756e-17 -3.46944695e-18 -5.55111512e-17  1.04083409e-16\n",
      "   1.38777878e-16 -1.38777878e-16 -2.77555756e-16  1.00000000e+00\n",
      "   0.00000000e+00  0.00000000e+00]\n",
      " [-9.36750677e-17  5.55111512e-17 -1.04083409e-17  1.38777878e-17\n",
      "   3.46944695e-17 -4.16333634e-17  1.73472348e-18  0.00000000e+00\n",
      "   1.00000000e+00  0.00000000e+00]\n",
      " [-2.08166817e-17  3.90312782e-17 -1.38777878e-17 -1.21430643e-17\n",
      "  -2.77555756e-17 -1.38777878e-17  1.73472348e-17  0.00000000e+00\n",
      "   0.00000000e+00  1.00000000e+00]]\n",
      "=============\n",
      "[[ 1.00000000e+00  5.55111512e-17  1.38777878e-17 -1.11022302e-16\n",
      "   3.46944695e-17  6.93889390e-18 -8.67361738e-19  2.77555756e-17\n",
      "   0.00000000e+00  0.00000000e+00]\n",
      " [ 5.55111512e-17  1.00000000e+00  2.77555756e-17  1.38777878e-17\n",
      "  -6.24500451e-17  0.00000000e+00  1.73472348e-17  1.90819582e-17\n",
      "   1.21430643e-17 -1.73472348e-18]\n",
      " [ 1.38777878e-17  2.77555756e-17  1.00000000e+00 -5.55111512e-17\n",
      "   9.71445147e-17  3.46944695e-17  4.11996826e-17  1.38777878e-17\n",
      "   4.16333634e-17  2.77555756e-17]\n",
      " [-1.11022302e-16  1.38777878e-17 -5.55111512e-17  1.00000000e+00\n",
      "   2.77555756e-17  8.32667268e-17 -2.77555756e-17 -2.08166817e-17\n",
      "  -5.89805982e-17 -5.20417043e-18]\n",
      " [ 3.46944695e-17 -6.24500451e-17  9.71445147e-17  2.77555756e-17\n",
      "   1.00000000e+00 -5.55111512e-17 -1.38777878e-16 -5.55111512e-17\n",
      "  -2.77555756e-17  4.16333634e-17]\n",
      " [ 6.93889390e-18  0.00000000e+00  3.46944695e-17  8.32667268e-17\n",
      "  -5.55111512e-17  1.00000000e+00 -1.66533454e-16 -1.38777878e-17\n",
      "  -2.08166817e-17  5.55111512e-17]\n",
      " [-8.67361738e-19  1.73472348e-17  4.11996826e-17 -2.77555756e-17\n",
      "  -1.38777878e-16 -1.66533454e-16  1.00000000e+00  2.08166817e-17\n",
      "  -2.08166817e-17 -7.06899816e-17]\n",
      " [ 2.77555756e-17  1.90819582e-17  1.38777878e-17 -2.08166817e-17\n",
      "  -5.55111512e-17 -1.38777878e-17  2.08166817e-17  1.00000000e+00\n",
      "  -2.77555756e-17 -4.85722573e-17]\n",
      " [ 0.00000000e+00  1.21430643e-17  4.16333634e-17 -5.89805982e-17\n",
      "  -2.77555756e-17 -2.08166817e-17 -2.08166817e-17 -2.77555756e-17\n",
      "   1.00000000e+00  5.55111512e-17]\n",
      " [ 0.00000000e+00 -1.73472348e-18  2.77555756e-17 -5.20417043e-18\n",
      "   4.16333634e-17  5.55111512e-17 -7.06899816e-17 -4.85722573e-17\n",
      "   5.55111512e-17  1.00000000e+00]]\n",
      "=============\n",
      "[[ 1.00000000e+00  1.66533454e-16 -1.21430643e-16 -1.66533454e-16\n",
      "   1.17961196e-16  6.93889390e-17 -6.93889390e-18  2.77555756e-17\n",
      "   1.99493200e-17  2.77555756e-17]\n",
      " [ 1.66533454e-16  1.00000000e+00 -1.38777878e-16  4.16333634e-17\n",
      "  -2.08166817e-17  6.24500451e-17 -7.80625564e-17 -8.67361738e-18\n",
      "  -3.20923843e-17  1.38777878e-17]\n",
      " [-1.21430643e-16 -1.38777878e-16  1.00000000e+00 -5.55111512e-17\n",
      "  -1.38777878e-17  4.16333634e-17 -5.55111512e-17 -2.08166817e-17\n",
      "   6.66784336e-17 -1.38777878e-17]\n",
      " [-1.66533454e-16  4.16333634e-17 -5.55111512e-17  1.00000000e+00\n",
      "  -5.55111512e-17 -1.17961196e-16 -6.93889390e-18 -1.17961196e-16\n",
      "   1.00613962e-16 -7.63278329e-17]\n",
      " [ 1.17961196e-16 -2.08166817e-17 -1.38777878e-17 -5.55111512e-17\n",
      "   1.00000000e+00 -2.77555756e-16 -4.16333634e-17 -3.46944695e-17\n",
      "  -1.04083409e-17  5.55111512e-17]\n",
      " [ 6.93889390e-17  6.24500451e-17  4.16333634e-17 -1.17961196e-16\n",
      "  -2.77555756e-16  1.00000000e+00 -1.38777878e-17 -1.66533454e-16\n",
      "  -5.55111512e-17  5.55111512e-17]\n",
      " [-6.93889390e-18 -7.80625564e-17 -5.55111512e-17 -6.93889390e-18\n",
      "  -4.16333634e-17 -1.38777878e-17  1.00000000e+00  1.94289029e-16\n",
      "  -8.32667268e-17  4.16333634e-17]\n",
      " [ 2.77555756e-17 -8.67361738e-18 -2.08166817e-17 -1.17961196e-16\n",
      "  -3.46944695e-17 -1.66533454e-16  1.94289029e-16  1.00000000e+00\n",
      "   0.00000000e+00  2.77555756e-17]\n",
      " [ 1.99493200e-17 -3.20923843e-17  6.66784336e-17  1.00613962e-16\n",
      "  -1.04083409e-17 -5.55111512e-17 -8.32667268e-17  0.00000000e+00\n",
      "   1.00000000e+00  0.00000000e+00]\n",
      " [ 2.77555756e-17  1.38777878e-17 -1.38777878e-17 -7.63278329e-17\n",
      "   5.55111512e-17  5.55111512e-17  4.16333634e-17  2.77555756e-17\n",
      "   0.00000000e+00  1.00000000e+00]]\n",
      "=============\n",
      "[[ 1.00000000e+00  2.77555756e-16 -4.85722573e-17  1.94289029e-16\n",
      "   4.16333634e-17 -4.16333634e-17 -6.24500451e-17 -1.17961196e-16\n",
      "  -1.90819582e-17 -9.54097912e-17]\n",
      " [ 2.77555756e-16  1.00000000e+00 -2.77555756e-17 -1.66533454e-16\n",
      "  -4.16333634e-17 -1.24900090e-16  2.68882139e-17 -5.20417043e-18\n",
      "   1.21430643e-16 -5.81132364e-17]\n",
      " [-4.85722573e-17 -2.77555756e-17  1.00000000e+00  0.00000000e+00\n",
      "  -1.11022302e-16 -1.11022302e-16  4.16333634e-17  2.08166817e-17\n",
      "   1.47451495e-17  5.89805982e-17]\n",
      " [ 1.94289029e-16 -1.66533454e-16  0.00000000e+00  1.00000000e+00\n",
      "  -1.11022302e-16  0.00000000e+00  8.32667268e-17  7.71951947e-17\n",
      "   3.12250226e-17  4.11996826e-17]\n",
      " [ 4.16333634e-17 -4.16333634e-17 -1.11022302e-16 -1.11022302e-16\n",
      "   1.00000000e+00  0.00000000e+00  1.38777878e-17  2.77555756e-17\n",
      "   7.63278329e-17  1.00613962e-16]\n",
      " [-4.16333634e-17 -1.24900090e-16 -1.11022302e-16  0.00000000e+00\n",
      "   0.00000000e+00  1.00000000e+00 -5.55111512e-17  2.77555756e-17\n",
      "  -4.16333634e-17  1.04083409e-17]\n",
      " [-6.24500451e-17  2.68882139e-17  4.16333634e-17  8.32667268e-17\n",
      "   1.38777878e-17 -5.55111512e-17  1.00000000e+00  1.11022302e-16\n",
      "  -1.66533454e-16 -8.02309608e-17]\n",
      " [-1.17961196e-16 -5.20417043e-18  2.08166817e-17  7.71951947e-17\n",
      "   2.77555756e-17  2.77555756e-17  1.11022302e-16  1.00000000e+00\n",
      "  -2.08166817e-17 -1.21430643e-16]\n",
      " [-1.90819582e-17  1.21430643e-16  1.47451495e-17  3.12250226e-17\n",
      "   7.63278329e-17 -4.16333634e-17 -1.66533454e-16 -2.08166817e-17\n",
      "   1.00000000e+00 -3.46944695e-18]\n",
      " [-9.54097912e-17 -5.81132364e-17  5.89805982e-17  4.11996826e-17\n",
      "   1.00613962e-16  1.04083409e-17 -8.02309608e-17 -1.21430643e-16\n",
      "  -3.46944695e-18  1.00000000e+00]]\n",
      "=============\n",
      "[[ 1.00000000e+00  0.00000000e+00 -4.16333634e-17  8.32667268e-17\n",
      "   6.93889390e-18 -5.55111512e-17  4.16333634e-17 -3.46944695e-18\n",
      "   6.93889390e-17 -1.12757026e-17]\n",
      " [ 0.00000000e+00  1.00000000e+00 -2.77555756e-17 -1.38777878e-16\n",
      "  -4.16333634e-17 -4.16333634e-17 -2.08166817e-17  5.42101086e-17\n",
      "   2.60208521e-17  2.94902991e-17]\n",
      " [-4.16333634e-17 -2.77555756e-17  1.00000000e+00 -2.22044605e-16\n",
      "   4.16333634e-17  8.32667268e-17 -8.32667268e-17 -1.73472348e-18\n",
      "  -5.55111512e-17 -5.72458747e-17]\n",
      " [ 8.32667268e-17 -1.38777878e-16 -2.22044605e-16  1.00000000e+00\n",
      "  -1.11022302e-16 -3.46944695e-17 -1.04083409e-16 -2.60208521e-18\n",
      "   3.12250226e-17 -3.46944695e-18]\n",
      " [ 6.93889390e-18 -4.16333634e-17  4.16333634e-17 -1.11022302e-16\n",
      "   1.00000000e+00 -1.66533454e-16  2.77555756e-17  6.93889390e-18\n",
      "   1.66533454e-16 -3.46944695e-18]\n",
      " [-5.55111512e-17 -4.16333634e-17  8.32667268e-17 -3.46944695e-17\n",
      "  -1.66533454e-16  1.00000000e+00 -2.49800181e-16  1.24900090e-16\n",
      "   5.55111512e-17 -1.38777878e-17]\n",
      " [ 4.16333634e-17 -2.08166817e-17 -8.32667268e-17 -1.04083409e-16\n",
      "   2.77555756e-17 -2.49800181e-16  1.00000000e+00 -1.26634814e-16\n",
      "  -4.16333634e-17  1.47451495e-17]\n",
      " [-3.46944695e-18  5.42101086e-17 -1.73472348e-18 -2.60208521e-18\n",
      "   6.93889390e-18  1.24900090e-16 -1.26634814e-16  1.00000000e+00\n",
      "   2.08166817e-17 -2.60208521e-17]\n",
      " [ 6.93889390e-17  2.60208521e-17 -5.55111512e-17  3.12250226e-17\n",
      "   1.66533454e-16  5.55111512e-17 -4.16333634e-17  2.08166817e-17\n",
      "   1.00000000e+00 -3.81639165e-17]\n",
      " [-1.12757026e-17  2.94902991e-17 -5.72458747e-17 -3.46944695e-18\n",
      "  -3.46944695e-18 -1.38777878e-17  1.47451495e-17 -2.60208521e-17\n",
      "  -3.81639165e-17  1.00000000e+00]]\n",
      "=============\n",
      "[[ 1.00000000e+00  1.11022302e-16  1.38777878e-16 -5.55111512e-17\n",
      "  -4.16333634e-17 -9.71445147e-17 -6.93889390e-18 -4.16333634e-17\n",
      "  -5.03069808e-17 -5.55111512e-17]\n",
      " [ 1.11022302e-16  1.00000000e+00  1.11022302e-16  1.24900090e-16\n",
      "  -3.46944695e-17  4.85722573e-17  1.07552856e-16  4.68375339e-17\n",
      "   4.90059382e-17  3.12250226e-17]\n",
      " [ 1.38777878e-16  1.11022302e-16  1.00000000e+00 -2.77555756e-16\n",
      "  -1.24900090e-16 -1.38777878e-16 -1.38777878e-17  5.55111512e-17\n",
      "   2.60208521e-17  6.93889390e-17]\n",
      " [-5.55111512e-17  1.24900090e-16 -2.77555756e-16  1.00000000e+00\n",
      "   2.22044605e-16 -3.81639165e-17 -4.85722573e-17 -5.55111512e-17\n",
      "   2.35271871e-17 -2.77555756e-17]\n",
      " [-4.16333634e-17 -3.46944695e-17 -1.24900090e-16  2.22044605e-16\n",
      "   1.00000000e+00 -1.11022302e-16  1.11022302e-16  8.32667268e-17\n",
      "   6.59194921e-17  1.17961196e-16]\n",
      " [-9.71445147e-17  4.85722573e-17 -1.38777878e-16 -3.81639165e-17\n",
      "  -1.11022302e-16  1.00000000e+00 -4.16333634e-17 -2.77555756e-17\n",
      "  -7.71951947e-17  0.00000000e+00]\n",
      " [-6.93889390e-18  1.07552856e-16 -1.38777878e-17 -4.85722573e-17\n",
      "   1.11022302e-16 -4.16333634e-17  1.00000000e+00 -5.55111512e-17\n",
      "  -5.20417043e-17  1.73472348e-17]\n",
      " [-4.16333634e-17  4.68375339e-17  5.55111512e-17 -5.55111512e-17\n",
      "   8.32667268e-17 -2.77555756e-17 -5.55111512e-17  1.00000000e+00\n",
      "   8.32667268e-17 -4.16333634e-17]\n",
      " [-5.03069808e-17  4.90059382e-17  2.60208521e-17  2.35271871e-17\n",
      "   6.59194921e-17 -7.71951947e-17 -5.20417043e-17  8.32667268e-17\n",
      "   1.00000000e+00 -1.38777878e-17]\n",
      " [-5.55111512e-17  3.12250226e-17  6.93889390e-17 -2.77555756e-17\n",
      "   1.17961196e-16  0.00000000e+00  1.73472348e-17 -4.16333634e-17\n",
      "  -1.38777878e-17  1.00000000e+00]]\n",
      "=============\n",
      "[[ 1.00000000e+00 -1.11022302e-16  9.02056208e-17  2.49800181e-16\n",
      "   9.71445147e-17  1.38777878e-17  6.93889390e-17  0.00000000e+00\n",
      "   6.93889390e-18  1.34441069e-16]\n",
      " [-1.11022302e-16  1.00000000e+00  2.77555756e-17 -8.32667268e-17\n",
      "   2.77555756e-17 -6.93889390e-18  3.16587034e-17  5.89805982e-17\n",
      "   1.86482774e-17 -1.68593438e-17]\n",
      " [ 9.02056208e-17  2.77555756e-17  1.00000000e+00  1.11022302e-16\n",
      "   1.38777878e-17 -1.24900090e-16 -1.11022302e-16  3.46944695e-18\n",
      "  -4.85722573e-17 -4.42354486e-17]\n",
      " [ 2.49800181e-16 -8.32667268e-17  1.11022302e-16  1.00000000e+00\n",
      "   5.55111512e-17  6.59194921e-17 -9.71445147e-17  7.45931095e-17\n",
      "   4.85722573e-17 -4.25007252e-17]\n",
      " [ 9.71445147e-17  2.77555756e-17  1.38777878e-17  5.55111512e-17\n",
      "   1.00000000e+00  1.66533454e-16 -9.71445147e-17  9.02056208e-17\n",
      "  -6.93889390e-18 -6.07153217e-18]\n",
      " [ 1.38777878e-17 -6.93889390e-18 -1.24900090e-16  6.59194921e-17\n",
      "   1.66533454e-16  1.00000000e+00  0.00000000e+00  2.08166817e-17\n",
      "  -1.38777878e-17  7.54604712e-17]\n",
      " [ 6.93889390e-17  3.16587034e-17 -1.11022302e-16 -9.71445147e-17\n",
      "  -9.71445147e-17  0.00000000e+00  1.00000000e+00  1.38777878e-16\n",
      "   9.71445147e-17 -7.58941521e-17]\n",
      " [ 0.00000000e+00  5.89805982e-17  3.46944695e-18  7.45931095e-17\n",
      "   9.02056208e-17  2.08166817e-17  1.38777878e-16  1.00000000e+00\n",
      "  -2.49800181e-16  2.08166817e-17]\n",
      " [ 6.93889390e-18  1.86482774e-17 -4.85722573e-17  4.85722573e-17\n",
      "  -6.93889390e-18 -1.38777878e-17  9.71445147e-17 -2.49800181e-16\n",
      "   1.00000000e+00  1.52655666e-16]\n",
      " [ 1.34441069e-16 -1.68593438e-17 -4.42354486e-17 -4.25007252e-17\n",
      "  -6.07153217e-18  7.54604712e-17 -7.58941521e-17  2.08166817e-17\n",
      "   1.52655666e-16  1.00000000e+00]]\n",
      "=============\n",
      "[[ 1.00000000e+00 -2.22044605e-16 -1.17961196e-16 -8.32667268e-17\n",
      "  -6.93889390e-17 -1.94289029e-16  3.46944695e-17 -4.85722573e-17\n",
      "   6.93889390e-17  3.46944695e-17]\n",
      " [-2.22044605e-16  1.00000000e+00 -2.77555756e-16 -4.16333634e-17\n",
      "  -5.55111512e-17  2.77555756e-17 -5.20417043e-17  2.08166817e-17\n",
      "  -5.20417043e-18 -2.08166817e-17]\n",
      " [-1.17961196e-16 -2.77555756e-16  1.00000000e+00  1.11022302e-16\n",
      "  -1.66533454e-16 -5.55111512e-17  1.38777878e-17  2.77555756e-17\n",
      "  -2.77555756e-17  6.93889390e-18]\n",
      " [-8.32667268e-17 -4.16333634e-17  1.11022302e-16  1.00000000e+00\n",
      "  -2.77555756e-16 -1.11239143e-16  7.63278329e-17  4.85722573e-17\n",
      "  -4.16333634e-17  3.46944695e-17]\n",
      " [-6.93889390e-17 -5.55111512e-17 -1.66533454e-16 -2.77555756e-16\n",
      "   1.00000000e+00  5.55111512e-17 -6.93889390e-18 -5.55111512e-17\n",
      "   0.00000000e+00  4.16333634e-17]\n",
      " [-1.94289029e-16  2.77555756e-17 -5.55111512e-17 -1.11239143e-16\n",
      "   5.55111512e-17  1.00000000e+00 -2.77555756e-17  1.38777878e-16\n",
      "   4.16333634e-17  2.77555756e-17]\n",
      " [ 3.46944695e-17 -5.20417043e-17  1.38777878e-17  7.63278329e-17\n",
      "  -6.93889390e-18 -2.77555756e-17  1.00000000e+00  2.77555756e-17\n",
      "  -8.32667268e-17 -8.32667268e-17]\n",
      " [-4.85722573e-17  2.08166817e-17  2.77555756e-17  4.85722573e-17\n",
      "  -5.55111512e-17  1.38777878e-16  2.77555756e-17  1.00000000e+00\n",
      "   2.77555756e-17  0.00000000e+00]\n",
      " [ 6.93889390e-17 -5.20417043e-18 -2.77555756e-17 -4.16333634e-17\n",
      "   0.00000000e+00  4.16333634e-17 -8.32667268e-17  2.77555756e-17\n",
      "   1.00000000e+00  6.24500451e-17]\n",
      " [ 3.46944695e-17 -2.08166817e-17  6.93889390e-18  3.46944695e-17\n",
      "   4.16333634e-17  2.77555756e-17 -8.32667268e-17  0.00000000e+00\n",
      "   6.24500451e-17  1.00000000e+00]]\n",
      "=============\n",
      "[[ 1.00000000e+00 -4.39203485e-17 -1.19792396e-17 -2.95906057e-17\n",
      "   6.76237845e-18  6.48288106e-17  1.43284791e-17  3.33500919e-17\n",
      "  -3.12469292e-17  1.62014498e-17]\n",
      " [-4.39203485e-17  1.00000000e+00 -4.29317654e-17  6.16666118e-18\n",
      "  -2.00780002e-17 -4.38352973e-17 -7.84719611e-18  1.90416380e-17\n",
      "   3.07408556e-17 -5.86304870e-17]\n",
      " [-1.19792396e-17 -4.29317654e-17  1.00000000e+00 -6.32522549e-17\n",
      "  -6.68472298e-17 -2.56731860e-17 -3.19408403e-17  6.45908690e-17\n",
      "   2.92755756e-17 -6.02588989e-17]\n",
      " [-2.95906057e-17  6.16666118e-18 -6.32522549e-17  1.00000000e+00\n",
      "  -3.03159453e-17 -1.11346643e-16  1.18795967e-17 -8.84770912e-17\n",
      "   6.58059960e-17  2.84138891e-17]\n",
      " [ 6.76237845e-18 -2.00780002e-17 -6.68472298e-17 -3.03159453e-17\n",
      "   1.00000000e+00 -1.33647954e-17  9.37663142e-17 -3.38633461e-17\n",
      "   1.44749987e-17  7.90327927e-17]\n",
      " [ 6.48288106e-17 -4.38352973e-17 -2.56731860e-17 -1.11346643e-16\n",
      "  -1.33647954e-17  1.00000000e+00 -6.12588960e-17 -5.38072730e-17\n",
      "  -1.45230628e-17  8.47288786e-18]\n",
      " [ 1.43284791e-17 -7.84719611e-18 -3.19408403e-17  1.18795967e-17\n",
      "   9.37663142e-17 -6.12588960e-17  1.00000000e+00 -3.75916104e-17\n",
      "  -8.87447660e-18  6.15510351e-17]\n",
      " [ 3.33500919e-17  1.90416380e-17  6.45908690e-17 -8.84770912e-17\n",
      "  -3.38633461e-17 -5.38072730e-17 -3.75916104e-17  1.00000000e+00\n",
      "  -3.86112403e-17 -5.57841223e-17]\n",
      " [-3.12469292e-17  3.07408556e-17  2.92755756e-17  6.58059960e-17\n",
      "   1.44749987e-17 -1.45230628e-17 -8.87447660e-18 -3.86112403e-17\n",
      "   1.00000000e+00  1.40456700e-16]\n",
      " [ 1.62014498e-17 -5.86304870e-17 -6.02588989e-17  2.84138891e-17\n",
      "   7.90327927e-17  8.47288786e-18  6.15510351e-17 -5.57841223e-17\n",
      "   1.40456700e-16  1.00000000e+00]]\n",
      "=============\n"
     ]
    }
   ],
   "source": [
    "for i in range(1, num_var):\n",
    "    a = ncon([ttrc_interpolator.b[i], ttrc_interpolator.b[i]], [[-1, 1, 2], [-2, 1, 2]])\n",
    "    print(a)\n",
    "    print(\"=============\")"
   ]
  },
  {
   "cell_type": "code",
   "execution_count": 12,
   "metadata": {},
   "outputs": [],
   "source": [
    "for site in range(num_var - 1):\n",
    "    ttrc_interpolator.left_right_update(site)"
   ]
  },
  {
   "cell_type": "code",
   "execution_count": 13,
   "metadata": {},
   "outputs": [
    {
     "name": "stdout",
     "output_type": "stream",
     "text": [
      "(1, 1)\n",
      "(8, 8)\n",
      "(9, 9)\n",
      "(9, 9)\n",
      "(9, 9)\n",
      "(10, 10)\n",
      "(9, 9)\n",
      "(10, 10)\n",
      "(9, 9)\n",
      "(7, 7)\n",
      "(1, 1)\n"
     ]
    }
   ],
   "source": [
    "for p in ttrc_interpolator.p:\n",
    "    print(p.shape)"
   ]
  },
  {
   "cell_type": "code",
   "execution_count": 14,
   "metadata": {},
   "outputs": [
    {
     "name": "stdout",
     "output_type": "stream",
     "text": [
      "(1, 30, 8)\n",
      "(8, 30, 9)\n",
      "(9, 30, 9)\n",
      "(9, 30, 9)\n",
      "(9, 30, 10)\n",
      "(10, 30, 9)\n",
      "(9, 30, 10)\n",
      "(10, 30, 9)\n",
      "(9, 30, 7)\n",
      "(7, 30, 1)\n"
     ]
    }
   ],
   "source": [
    "for b in ttrc_interpolator.b:\n",
    "    print(b.shape)"
   ]
  },
  {
   "cell_type": "code",
   "execution_count": 15,
   "metadata": {},
   "outputs": [],
   "source": [
    "for site in range(num_var - 2, -1, -1):\n",
    "    ttrc_interpolator.right_left_update(site)"
   ]
  },
  {
   "cell_type": "code",
   "execution_count": 16,
   "metadata": {},
   "outputs": [
    {
     "name": "stdout",
     "output_type": "stream",
     "text": [
      "(1, 1)\n",
      "(7, 7)\n",
      "(8, 8)\n",
      "(9, 9)\n",
      "(9, 9)\n",
      "(9, 9)\n",
      "(10, 10)\n",
      "(9, 9)\n",
      "(9, 9)\n",
      "(7, 7)\n",
      "(1, 1)\n"
     ]
    }
   ],
   "source": [
    "for p in ttrc_interpolator.p:\n",
    "    print(p.shape)"
   ]
  },
  {
   "cell_type": "code",
   "execution_count": 17,
   "metadata": {},
   "outputs": [
    {
     "data": {
      "text/plain": [
       "array([ 7,  8,  9,  9,  9, 10,  9,  9,  7])"
      ]
     },
     "execution_count": 17,
     "metadata": {},
     "output_type": "execute_result"
    }
   ],
   "source": [
    "ttrc_interpolator.bonds"
   ]
  },
  {
   "cell_type": "code",
   "execution_count": 18,
   "metadata": {},
   "outputs": [
    {
     "name": "stdout",
     "output_type": "stream",
     "text": [
      "Initialization done after time: 0.02550482749938965 seconds and 1 tries.\n",
      "Sweep 1\n",
      "Sweep 2\n",
      "Sweep 3\n",
      "Sweep 4\n",
      "Sweep 5\n",
      "Sweep 6\n",
      "Sweep 7\n",
      "Sweep 8\n",
      "Sweep 9\n",
      "Sweep 10\n"
     ]
    }
   ],
   "source": [
    "ttrc_interpolator = ttrc(\n",
    "    func=slater,\n",
    "    num_variables=num_var,\n",
    "    grid=grid,\n",
    "    maxvol_tol=1.005,\n",
    "    truncation_tol=1e-12,\n",
    "    sweeps=10,\n",
    "    initial_bond_guess=3,\n",
    "    max_bond=10,\n",
    ")\n",
    "\n",
    "mps_ttrc = ttrc_interpolator.run()"
   ]
  },
  {
   "cell_type": "code",
   "execution_count": 19,
   "metadata": {},
   "outputs": [
    {
     "name": "stdout",
     "output_type": "stream",
     "text": [
      "Time spent to do the whole computation = 130.54757809638977 s\n",
      "Time spent building superblock tensors = 117.06641244888306 s\n"
     ]
    }
   ],
   "source": [
    "print(\"Time spent to do the whole computation =\", ttrc_interpolator.total_time, \"s\")\n",
    "print(\"Time spent building superblock tensors =\", ttrc_interpolator.super_block_time, \"s\")"
   ]
  },
  {
   "cell_type": "code",
   "execution_count": 25,
   "metadata": {},
   "outputs": [
    {
     "name": "stdout",
     "output_type": "stream",
     "text": [
      "(9, 1)\n",
      "(9, 9)\n",
      "==========\n",
      "(10, 2)\n",
      "(10, 8)\n",
      "==========\n",
      "(10, 3)\n",
      "(10, 7)\n",
      "==========\n",
      "(10, 4)\n",
      "(10, 6)\n",
      "==========\n",
      "(10, 5)\n",
      "(10, 5)\n",
      "==========\n",
      "(10, 6)\n",
      "(10, 4)\n",
      "==========\n",
      "(10, 7)\n",
      "(10, 3)\n",
      "==========\n",
      "(10, 8)\n",
      "(10, 2)\n",
      "==========\n",
      "(8, 9)\n",
      "(8, 1)\n",
      "==========\n"
     ]
    }
   ],
   "source": [
    "for site in range(num_var - 1):\n",
    "    print(ttrc_interpolator.i[site + 1].shape)\n",
    "    print(ttrc_interpolator.j[site].shape)\n",
    "    print(\"==========\")"
   ]
  },
  {
   "cell_type": "code",
   "execution_count": 26,
   "metadata": {},
   "outputs": [
    {
     "name": "stdout",
     "output_type": "stream",
     "text": [
      "(1, 30, 9)\n",
      "(9, 9)\n",
      "(9, 30, 10)\n",
      "(10, 10)\n",
      "(10, 30, 10)\n",
      "(10, 10)\n",
      "(10, 30, 10)\n",
      "(10, 10)\n",
      "(10, 30, 10)\n",
      "(10, 10)\n",
      "(10, 30, 10)\n",
      "(10, 10)\n",
      "(10, 30, 10)\n",
      "(10, 10)\n",
      "(10, 30, 10)\n",
      "(10, 10)\n",
      "(10, 30, 8)\n",
      "(8, 8)\n",
      "(8, 30, 1)\n"
     ]
    }
   ],
   "source": [
    "for t in mps_ttrc:\n",
    "    print(t.shape)"
   ]
  },
  {
   "cell_type": "markdown",
   "metadata": {},
   "source": [
    "# 1-D Interpolator"
   ]
  },
  {
   "cell_type": "code",
   "execution_count": 3,
   "metadata": {},
   "outputs": [],
   "source": [
    "def custom_func(x):\n",
    "    B = 2 ** (-30)\n",
    "    return np.cos(x / B) * np.cos(x / (4 * np.sqrt(5) * B)) * np.exp(-(x**2)) + 2 * np.exp(-x)"
   ]
  },
  {
   "cell_type": "code",
   "execution_count": 4,
   "metadata": {},
   "outputs": [],
   "source": [
    "interval = [0, 2 ** (-23)]\n",
    "d = 15"
   ]
  },
  {
   "cell_type": "code",
   "execution_count": 5,
   "metadata": {},
   "outputs": [],
   "source": [
    "test_interpolator = ttrc_one_dim_func_interpolator(\n",
    "    func=custom_func,\n",
    "    interval=interval,\n",
    "    d=15,\n",
    "    complex_function=False,\n",
    ")"
   ]
  },
  {
   "cell_type": "code",
   "execution_count": 7,
   "metadata": {},
   "outputs": [
    {
     "name": "stdout",
     "output_type": "stream",
     "text": [
      "Initialization done after time: 0.005637407302856445 seconds and 1 tries.\n",
      "Sweep 1\n",
      "Sweep 2\n",
      "Sweep 3\n",
      "Sweep 4\n",
      "Sweep 5\n",
      "Sweep 6\n",
      "Sweep 7\n",
      "Sweep 8\n",
      "Sweep 9\n",
      "Sweep 10\n"
     ]
    }
   ],
   "source": [
    "test_interpolator.interpolate(\n",
    "    initial_bond_guess=5,\n",
    "    max_bond=10,\n",
    "    maxvol_tol=1.0001,\n",
    "    truncation_tol=1e-10,\n",
    "    sweeps=10,\n",
    ")"
   ]
  },
  {
   "cell_type": "code",
   "execution_count": 8,
   "metadata": {},
   "outputs": [
    {
     "name": "stdout",
     "output_type": "stream",
     "text": [
      "(1, 1)\n",
      "(2, 1)\n",
      "(4, 2)\n",
      "(5, 3)\n",
      "(5, 4)\n",
      "(5, 5)\n",
      "(5, 6)\n",
      "(5, 7)\n",
      "(5, 8)\n",
      "(5, 9)\n",
      "(5, 10)\n",
      "(4, 11)\n",
      "(4, 12)\n",
      "(4, 13)\n",
      "(2, 14)\n"
     ]
    }
   ],
   "source": [
    "for i in test_interpolator.interpolator.i:\n",
    "    print(i.shape)"
   ]
  },
  {
   "cell_type": "code",
   "execution_count": 9,
   "metadata": {},
   "outputs": [
    {
     "name": "stdout",
     "output_type": "stream",
     "text": [
      "(2, 14)\n",
      "(4, 13)\n",
      "(5, 12)\n",
      "(5, 11)\n",
      "(5, 10)\n",
      "(5, 9)\n",
      "(5, 8)\n",
      "(5, 7)\n",
      "(5, 6)\n",
      "(5, 5)\n",
      "(4, 4)\n",
      "(4, 3)\n",
      "(4, 2)\n",
      "(2, 1)\n",
      "(1, 1)\n"
     ]
    }
   ],
   "source": [
    "for j in test_interpolator.interpolator.j:\n",
    "    print(j.shape)"
   ]
  },
  {
   "cell_type": "code",
   "execution_count": 10,
   "metadata": {},
   "outputs": [
    {
     "data": {
