{
 "cells": [
  {
   "cell_type": "code",
   "execution_count": 5,
   "metadata": {},
   "outputs": [],
   "source": [
    "import sys\n",
    "\n",
    "sys.path.append(\"/home/ptbadia/code/tfg/tfg_ttcross\")"
   ]
  },
  {
   "cell_type": "code",
   "execution_count": 6,
   "metadata": {},
   "outputs": [],
   "source": [
    "import numpy as np\n",
    "import numba as nb\n",
    "import matplotlib.pyplot as plt\n",
    "from tt_cross.src.functions import *\n",
    "from tt_cross.src.dmrg_cross import *"
   ]
  },
  {
   "cell_type": "code",
   "execution_count": 7,
   "metadata": {},
   "outputs": [
    {
     "data": {
      "text/plain": [
       "array([[0.5       , 0.55172414, 0.60344828, 0.65517241, 0.70689655,\n",
       "        0.75862069, 0.81034483, 0.86206897, 0.9137931 , 0.96551724,\n",
       "        1.01724138, 1.06896552, 1.12068966, 1.17241379, 1.22413793,\n",
       "        1.27586207, 1.32758621, 1.37931034, 1.43103448, 1.48275862,\n",
       "        1.53448276, 1.5862069 , 1.63793103, 1.68965517, 1.74137931,\n",
       "        1.79310345, 1.84482759, 1.89655172, 1.94827586, 2.        ],\n",
       "       [0.5       , 0.55172414, 0.60344828, 0.65517241, 0.70689655,\n",
       "        0.75862069, 0.81034483, 0.86206897, 0.9137931 , 0.96551724,\n",
       "        1.01724138, 1.06896552, 1.12068966, 1.17241379, 1.22413793,\n",
       "        1.27586207, 1.32758621, 1.37931034, 1.43103448, 1.48275862,\n",
       "        1.53448276, 1.5862069 , 1.63793103, 1.68965517, 1.74137931,\n",
       "        1.79310345, 1.84482759, 1.89655172, 1.94827586, 2.        ],\n",
       "       [0.5       , 0.55172414, 0.60344828, 0.65517241, 0.70689655,\n",
       "        0.75862069, 0.81034483, 0.86206897, 0.9137931 , 0.96551724,\n",
       "        1.01724138, 1.06896552, 1.12068966, 1.17241379, 1.22413793,\n",
       "        1.27586207, 1.32758621, 1.37931034, 1.43103448, 1.48275862,\n",
       "        1.53448276, 1.5862069 , 1.63793103, 1.68965517, 1.74137931,\n",
       "        1.79310345, 1.84482759, 1.89655172, 1.94827586, 2.        ],\n",
       "       [0.5       , 0.55172414, 0.60344828, 0.65517241, 0.70689655,\n",
       "        0.75862069, 0.81034483, 0.86206897, 0.9137931 , 0.96551724,\n",
       "        1.01724138, 1.06896552, 1.12068966, 1.17241379, 1.22413793,\n",
       "        1.27586207, 1.32758621, 1.37931034, 1.43103448, 1.48275862,\n",
       "        1.53448276, 1.5862069 , 1.63793103, 1.68965517, 1.74137931,\n",
       "        1.79310345, 1.84482759, 1.89655172, 1.94827586, 2.        ],\n",
       "       [0.5       , 0.55172414, 0.60344828, 0.65517241, 0.70689655,\n",
       "        0.75862069, 0.81034483, 0.86206897, 0.9137931 , 0.96551724,\n",
       "        1.01724138, 1.06896552, 1.12068966, 1.17241379, 1.22413793,\n",
       "        1.27586207, 1.32758621, 1.37931034, 1.43103448, 1.48275862,\n",
       "        1.53448276, 1.5862069 , 1.63793103, 1.68965517, 1.74137931,\n",
       "        1.79310345, 1.84482759, 1.89655172, 1.94827586, 2.        ],\n",
       "       [0.5       , 0.55172414, 0.60344828, 0.65517241, 0.70689655,\n",
       "        0.75862069, 0.81034483, 0.86206897, 0.9137931 , 0.96551724,\n",
       "        1.01724138, 1.06896552, 1.12068966, 1.17241379, 1.22413793,\n",
       "        1.27586207, 1.32758621, 1.37931034, 1.43103448, 1.48275862,\n",
       "        1.53448276, 1.5862069 , 1.63793103, 1.68965517, 1.74137931,\n",
       "        1.79310345, 1.84482759, 1.89655172, 1.94827586, 2.        ],\n",
       "       [0.5       , 0.55172414, 0.60344828, 0.65517241, 0.70689655,\n",
       "        0.75862069, 0.81034483, 0.86206897, 0.9137931 , 0.96551724,\n",
       "        1.01724138, 1.06896552, 1.12068966, 1.17241379, 1.22413793,\n",
       "        1.27586207, 1.32758621, 1.37931034, 1.43103448, 1.48275862,\n",
       "        1.53448276, 1.5862069 , 1.63793103, 1.68965517, 1.74137931,\n",
       "        1.79310345, 1.84482759, 1.89655172, 1.94827586, 2.        ],\n",
       "       [0.5       , 0.55172414, 0.60344828, 0.65517241, 0.70689655,\n",
       "        0.75862069, 0.81034483, 0.86206897, 0.9137931 , 0.96551724,\n",
       "        1.01724138, 1.06896552, 1.12068966, 1.17241379, 1.22413793,\n",
       "        1.27586207, 1.32758621, 1.37931034, 1.43103448, 1.48275862,\n",
       "        1.53448276, 1.5862069 , 1.63793103, 1.68965517, 1.74137931,\n",
       "        1.79310345, 1.84482759, 1.89655172, 1.94827586, 2.        ],\n",
       "       [0.5       , 0.55172414, 0.60344828, 0.65517241, 0.70689655,\n",
       "        0.75862069, 0.81034483, 0.86206897, 0.9137931 , 0.96551724,\n",
       "        1.01724138, 1.06896552, 1.12068966, 1.17241379, 1.22413793,\n",
       "        1.27586207, 1.32758621, 1.37931034, 1.43103448, 1.48275862,\n",
       "        1.53448276, 1.5862069 , 1.63793103, 1.68965517, 1.74137931,\n",
       "        1.79310345, 1.84482759, 1.89655172, 1.94827586, 2.        ],\n",
       "       [0.5       , 0.55172414, 0.60344828, 0.65517241, 0.70689655,\n",
       "        0.75862069, 0.81034483, 0.86206897, 0.9137931 , 0.96551724,\n",
       "        1.01724138, 1.06896552, 1.12068966, 1.17241379, 1.22413793,\n",
       "        1.27586207, 1.32758621, 1.37931034, 1.43103448, 1.48275862,\n",
       "        1.53448276, 1.5862069 , 1.63793103, 1.68965517, 1.74137931,\n",
       "        1.79310345, 1.84482759, 1.89655172, 1.94827586, 2.        ]])"
      ]
     },
     "execution_count": 7,
     "metadata": {},
     "output_type": "execute_result"
    }
   ],
   "source": [
    "# grid_creation\n",
    "num_var = 10\n",
    "subdivision = 30\n",
    "temp = [np.linspace(0.5, 2, subdivision) for _ in range(num_var)]\n",
    "grid = np.array(temp)\n",
    "grid"
   ]
  },
  {
   "cell_type": "code",
   "execution_count": 8,
   "metadata": {},
   "outputs": [],
   "source": [
    "ttrc_interpolator = ttrc(\n",
    "    func=slater,\n",
    "    num_variables=num_var,\n",
    "    grid=grid,\n",
    "    maxvol_tol=1,\n",
    "    truncation_tol=1e-10,\n",
    "    sweeps=5,\n",
    "    initial_bond_guess=10,\n",
    ")"
   ]
  },
  {
   "cell_type": "code",
   "execution_count": 9,
   "metadata": {},
   "outputs": [
    {
     "name": "stdout",
     "output_type": "stream",
     "text": [
      "(1, 1)\n",
      "(10, 1)\n",
      "(10, 2)\n",
      "(10, 3)\n",
      "(10, 4)\n",
      "(10, 5)\n",
      "(10, 6)\n",
      "(10, 7)\n",
      "(10, 8)\n",
      "(10, 9)\n",
      "(10, 10)\n"
     ]
    }
   ],
   "source": [
    "for i in ttrc_interpolator.i:\n",
    "    print(i.shape)"
   ]
  },
  {
   "cell_type": "code",
   "execution_count": 10,
   "metadata": {},
   "outputs": [
    {
     "name": "stdout",
     "output_type": "stream",
     "text": [
      "(10, 9)\n",
      "(10, 8)\n",
      "(10, 7)\n",
      "(10, 6)\n",
      "(10, 5)\n",
      "(10, 4)\n",
      "(10, 3)\n",
      "(10, 2)\n",
      "(10, 1)\n",
      "(1, 1)\n"
     ]
    }
   ],
   "source": [
    "for j in ttrc_interpolator.j:\n",
    "    print(j.shape)"
   ]
  },
  {
   "cell_type": "code",
   "execution_count": 11,
   "metadata": {},
   "outputs": [
    {
     "data": {
      "text/plain": [
       "array([10, 10, 10, 10, 10, 10, 10, 10, 10])"
      ]
     },
     "execution_count": 11,
     "metadata": {},
     "output_type": "execute_result"
    }
   ],
   "source": [
    "ttrc_interpolator.bonds"
   ]
  },
  {
   "cell_type": "code",
   "execution_count": 12,
   "metadata": {},
   "outputs": [
    {
     "name": "stdout",
     "output_type": "stream",
     "text": [
      "(1, 30, 10)\n",
      "(10, 30, 10)\n",
      "(10, 30, 10)\n",
      "(10, 30, 10)\n",
      "(10, 30, 10)\n",
      "(10, 30, 10)\n",
      "(10, 30, 10)\n",
      "(10, 30, 10)\n",
      "(10, 30, 10)\n",
      "(10, 30, 1)\n"
     ]
    }
   ],
   "source": [
    "for t in ttrc_interpolator.b:\n",
    "    print(t.shape)"
   ]
  },
  {
   "cell_type": "code",
   "execution_count": 13,
   "metadata": {},
   "outputs": [
    {
     "data": {
      "text/plain": [
       "array([[1.]])"
      ]
     },
     "execution_count": 13,
     "metadata": {},
     "output_type": "execute_result"
    }
   ],
   "source": [
    "ttrc_interpolator.p[-1]"
   ]
  },
  {
   "cell_type": "code",
   "execution_count": 14,
   "metadata": {},
   "outputs": [],
   "source": [
    "ttrc_interpolator.initial_sweep()"
   ]
  },
  {
   "cell_type": "code",
   "execution_count": 15,
   "metadata": {},
   "outputs": [
    {
     "name": "stdout",
     "output_type": "stream",
     "text": [
      "[[ 1.00000000e+00 -2.77555756e-17  3.46944695e-17 -2.77555756e-17\n",
      "   4.51028104e-17 -6.24500451e-17 -1.38777878e-17  8.67361738e-19\n",
      "   3.31765865e-17 -4.85722573e-17]\n",
      " [-2.77555756e-17  1.00000000e+00 -2.22044605e-16  1.38777878e-16\n",
      "  -5.55111512e-17  0.00000000e+00  8.32667268e-17 -3.81639165e-17\n",
      "  -2.77555756e-17  4.51028104e-17]\n",
      " [ 3.46944695e-17 -2.22044605e-16  1.00000000e+00 -7.63278329e-17\n",
      "   5.89805982e-17  1.49186219e-16 -6.24500451e-17 -6.93889390e-18\n",
      "   3.46944695e-17  0.00000000e+00]\n",
      " [-2.77555756e-17  1.38777878e-16 -7.63278329e-17  1.00000000e+00\n",
      "   3.46944695e-18 -1.73472348e-17  6.93889390e-18 -4.16333634e-17\n",
      "  -8.32667268e-17 -5.89805982e-17]\n",
      " [ 4.51028104e-17 -5.55111512e-17  5.89805982e-17  3.46944695e-18\n",
      "   1.00000000e+00 -3.46944695e-17  2.77555756e-17 -4.85722573e-17\n",
      "  -5.55111512e-17 -2.25514052e-17]\n",
      " [-6.24500451e-17  0.00000000e+00  1.49186219e-16 -1.73472348e-17\n",
      "  -3.46944695e-17  1.00000000e+00 -6.93889390e-17 -4.85722573e-17\n",
      "   6.93889390e-18  5.55111512e-17]\n",
      " [-1.38777878e-17  8.32667268e-17 -6.24500451e-17  6.93889390e-18\n",
      "   2.77555756e-17 -6.93889390e-17  1.00000000e+00  2.77555756e-17\n",
      "  -9.02056208e-17  1.04083409e-16]\n",
      " [ 8.67361738e-19 -3.81639165e-17 -6.93889390e-18 -4.16333634e-17\n",
      "  -4.85722573e-17 -4.85722573e-17  2.77555756e-17  1.00000000e+00\n",
      "   2.36356074e-17  8.32667268e-17]\n",
      " [ 3.31765865e-17 -2.77555756e-17  3.46944695e-17 -8.32667268e-17\n",
      "  -5.55111512e-17  6.93889390e-18 -9.02056208e-17  2.36356074e-17\n",
      "   1.00000000e+00  0.00000000e+00]\n",
      " [-4.85722573e-17  4.51028104e-17  0.00000000e+00 -5.89805982e-17\n",
      "  -2.25514052e-17  5.55111512e-17  1.04083409e-16  8.32667268e-17\n",
      "   0.00000000e+00  1.00000000e+00]]\n",
      "=============\n",
      "[[ 1.00000000e+00 -6.93889390e-18 -7.93635990e-17 -4.16333634e-17\n",
      "   2.08166817e-17 -2.60208521e-17  2.08166817e-17  2.92734587e-18\n",
      "  -3.64291930e-17 -1.04083409e-17]\n",
      " [-6.93889390e-18  1.00000000e+00  2.42861287e-17 -6.93889390e-17\n",
      "  -3.46944695e-18 -4.38017678e-17  5.55111512e-17 -3.46944695e-18\n",
      "   8.32667268e-17 -6.93889390e-17]\n",
      " [-7.93635990e-17  2.42861287e-17  1.00000000e+00 -7.05815614e-17\n",
      "   6.93889390e-18 -8.89045781e-17 -9.71445147e-17 -9.71445147e-17\n",
      "   0.00000000e+00  3.46944695e-18]\n",
      " [-4.16333634e-17 -6.93889390e-17 -7.05815614e-17  1.00000000e+00\n",
      "   5.55111512e-17 -1.17961196e-16  8.32667268e-17 -9.36750677e-17\n",
      "   1.38777878e-17  2.08166817e-17]\n",
      " [ 2.08166817e-17 -3.46944695e-18  6.93889390e-18  5.55111512e-17\n",
      "   1.00000000e+00  4.16333634e-17 -1.73472348e-18 -8.67361738e-18\n",
      "  -2.77555756e-17  0.00000000e+00]\n",
      " [-2.60208521e-17 -4.38017678e-17 -8.89045781e-17 -1.17961196e-16\n",
      "   4.16333634e-17  1.00000000e+00  5.20417043e-18 -4.16333634e-17\n",
      "  -6.93889390e-17 -7.63278329e-17]\n",
      " [ 2.08166817e-17  5.55111512e-17 -9.71445147e-17  8.32667268e-17\n",
      "  -1.73472348e-18  5.20417043e-18  1.00000000e+00  4.16333634e-17\n",
      "  -8.32667268e-17 -6.93889390e-17]\n",
      " [ 2.92734587e-18 -3.46944695e-18 -9.71445147e-17 -9.36750677e-17\n",
      "  -8.67361738e-18 -4.16333634e-17  4.16333634e-17  1.00000000e+00\n",
      "  -8.32667268e-17  0.00000000e+00]\n",
      " [-3.64291930e-17  8.32667268e-17  0.00000000e+00  1.38777878e-17\n",
      "  -2.77555756e-17 -6.93889390e-17 -8.32667268e-17 -8.32667268e-17\n",
      "   1.00000000e+00  5.55111512e-17]\n",
      " [-1.04083409e-17 -6.93889390e-17  3.46944695e-18  2.08166817e-17\n",
      "   0.00000000e+00 -7.63278329e-17 -6.93889390e-17  0.00000000e+00\n",
      "   5.55111512e-17  1.00000000e+00]]\n",
      "=============\n",
      "[[ 1.00000000e+00 -1.38777878e-17 -1.73472348e-17 -2.77555756e-17\n",
      "   4.85722573e-17  2.90566182e-17  1.04083409e-17 -3.12250226e-17\n",
      "   6.93889390e-18  6.24500451e-17]\n",
      " [-1.38777878e-17  1.00000000e+00  0.00000000e+00  1.80411242e-16\n",
      "   2.77555756e-17  2.77555756e-17 -6.93889390e-18 -4.16333634e-17\n",
      "   6.93889390e-18 -5.20417043e-17]\n",
      " [-1.73472348e-17  0.00000000e+00  1.00000000e+00 -8.32667268e-17\n",
      "  -2.08166817e-17 -6.93889390e-18 -2.77555756e-17  8.32667268e-17\n",
      "  -1.38777878e-17  0.00000000e+00]\n",
      " [-2.77555756e-17  1.80411242e-16 -8.32667268e-17  1.00000000e+00\n",
      "   2.11419424e-18 -1.38777878e-17  5.55111512e-17 -2.94902991e-17\n",
      "  -2.77555756e-17 -1.38777878e-17]\n",
      " [ 4.85722573e-17  2.77555756e-17 -2.08166817e-17  2.11419424e-18\n",
      "   1.00000000e+00  4.25007252e-17  5.55111512e-17  4.16333634e-17\n",
      "   4.16333634e-17  2.77555756e-17]\n",
      " [ 2.90566182e-17  2.77555756e-17 -6.93889390e-18 -1.38777878e-17\n",
      "   4.25007252e-17  1.00000000e+00 -1.04083409e-17 -1.24249569e-16\n",
      "   1.79977561e-17  3.46944695e-18]\n",
      " [ 1.04083409e-17 -6.93889390e-18 -2.77555756e-17  5.55111512e-17\n",
      "   5.55111512e-17 -1.04083409e-17  1.00000000e+00  5.55111512e-17\n",
      "   3.46944695e-17  3.46944695e-17]\n",
      " [-3.12250226e-17 -4.16333634e-17  8.32667268e-17 -2.94902991e-17\n",
      "   4.16333634e-17 -1.24249569e-16  5.55111512e-17  1.00000000e+00\n",
      "  -6.93889390e-18  1.38777878e-17]\n",
      " [ 6.93889390e-18  6.93889390e-18 -1.38777878e-17 -2.77555756e-17\n",
      "   4.16333634e-17  1.79977561e-17  3.46944695e-17 -6.93889390e-18\n",
      "   1.00000000e+00  4.51028104e-17]\n",
      " [ 6.24500451e-17 -5.20417043e-17  0.00000000e+00 -1.38777878e-17\n",
      "   2.77555756e-17  3.46944695e-18  3.46944695e-17  1.38777878e-17\n",
      "   4.51028104e-17  1.00000000e+00]]\n",
      "=============\n",
      "[[ 1.00000000e+00  5.55111512e-17 -1.38777878e-17  5.46437895e-17\n",
      "   6.24500451e-17 -3.46944695e-18  1.21430643e-17 -6.93889390e-17\n",
      "  -1.38777878e-16  7.63278329e-17]\n",
      " [ 5.55111512e-17  1.00000000e+00  2.77555756e-17 -9.71445147e-17\n",
      "  -4.51028104e-17  2.08166817e-17  4.51028104e-17 -4.16333634e-17\n",
      "  -3.12250226e-17 -4.16333634e-17]\n",
      " [-1.38777878e-17  2.77555756e-17  1.00000000e+00 -6.93889390e-18\n",
      "   8.32667268e-17 -2.08166817e-17 -1.82145965e-17 -6.24500451e-17\n",
      "   0.00000000e+00  0.00000000e+00]\n",
      " [ 5.46437895e-17 -9.71445147e-17 -6.93889390e-18  1.00000000e+00\n",
      "  -1.73472348e-17 -3.46944695e-17  3.46944695e-18 -6.24500451e-17\n",
      "   5.55111512e-17 -6.24500451e-17]\n",
      " [ 6.24500451e-17 -4.51028104e-17  8.32667268e-17 -1.73472348e-17\n",
      "   1.00000000e+00 -3.46944695e-17 -2.77555756e-17  2.08166817e-17\n",
      "   5.03069808e-17 -9.71445147e-17]\n",
      " [-3.46944695e-18  2.08166817e-17 -2.08166817e-17 -3.46944695e-17\n",
      "  -3.46944695e-17  1.00000000e+00 -6.93889390e-18  2.08166817e-17\n",
      "   1.04083409e-17 -4.51028104e-17]\n",
      " [ 1.21430643e-17  4.51028104e-17 -1.82145965e-17  3.46944695e-18\n",
      "  -2.77555756e-17 -6.93889390e-18  1.00000000e+00 -1.73472348e-17\n",
      "  -6.93889390e-18  2.08166817e-17]\n",
      " [-6.93889390e-17 -4.16333634e-17 -6.24500451e-17 -6.24500451e-17\n",
      "   2.08166817e-17  2.08166817e-17 -1.73472348e-17  1.00000000e+00\n",
      "  -1.38777878e-17 -3.81639165e-17]\n",
      " [-1.38777878e-16 -3.12250226e-17  0.00000000e+00  5.55111512e-17\n",
      "   5.03069808e-17  1.04083409e-17 -6.93889390e-18 -1.38777878e-17\n",
      "   1.00000000e+00  2.77555756e-17]\n",
      " [ 7.63278329e-17 -4.16333634e-17  0.00000000e+00 -6.24500451e-17\n",
      "  -9.71445147e-17 -4.51028104e-17  2.08166817e-17 -3.81639165e-17\n",
      "   2.77555756e-17  1.00000000e+00]]\n",
      "=============\n",
      "[[ 1.00000000e+00 -2.49800181e-16  1.21430643e-17 -6.93889390e-17\n",
      "   6.93889390e-17 -1.38777878e-16 -3.81639165e-17 -1.38777878e-16\n",
      "   3.12250226e-17 -2.08166817e-17]\n",
      " [-2.49800181e-16  1.00000000e+00 -1.47451495e-17 -1.04083409e-17\n",
      "  -1.59594560e-16 -4.16333634e-17  2.49366500e-17 -2.77555756e-17\n",
      "  -5.37764278e-17 -2.77555756e-17]\n",
      " [ 1.21430643e-17 -1.47451495e-17  1.00000000e+00 -5.89805982e-17\n",
      "  -1.17961196e-16  2.08166817e-17  2.77555756e-17  3.46944695e-18\n",
      "  -1.11022302e-16  2.60208521e-17]\n",
      " [-6.93889390e-17 -1.04083409e-17 -5.89805982e-17  1.00000000e+00\n",
      "  -3.46944695e-17  3.46944695e-17 -9.71445147e-17  3.03576608e-18\n",
      "   7.80625564e-18 -8.32667268e-17]\n",
      " [ 6.93889390e-17 -1.59594560e-16 -1.17961196e-16 -3.46944695e-17\n",
      "   1.00000000e+00  6.93889390e-17  2.94902991e-17 -1.73472348e-17\n",
      "   7.80625564e-18 -2.42861287e-17]\n",
      " [-1.38777878e-16 -4.16333634e-17  2.08166817e-17  3.46944695e-17\n",
      "   6.93889390e-17  1.00000000e+00 -1.30104261e-17  4.85722573e-17\n",
      "   7.63278329e-17 -2.14672030e-17]\n",
      " [-3.81639165e-17  2.49366500e-17  2.77555756e-17 -9.71445147e-17\n",
      "   2.94902991e-17 -1.30104261e-17  1.00000000e+00 -1.38777878e-17\n",
      "   2.77555756e-17 -9.71445147e-17]\n",
      " [-1.38777878e-16 -2.77555756e-17  3.46944695e-18  3.03576608e-18\n",
      "  -1.73472348e-17  4.85722573e-17 -1.38777878e-17  1.00000000e+00\n",
      "   0.00000000e+00 -2.08166817e-17]\n",
      " [ 3.12250226e-17 -5.37764278e-17 -1.11022302e-16  7.80625564e-18\n",
      "   7.80625564e-18  7.63278329e-17  2.77555756e-17  0.00000000e+00\n",
      "   1.00000000e+00 -3.46944695e-18]\n",
      " [-2.08166817e-17 -2.77555756e-17  2.60208521e-17 -8.32667268e-17\n",
      "  -2.42861287e-17 -2.14672030e-17 -9.71445147e-17 -2.08166817e-17\n",
      "  -3.46944695e-18  1.00000000e+00]]\n",
      "=============\n",
      "[[ 1.00000000e+00 -2.49800181e-16  0.00000000e+00 -5.55111512e-17\n",
      "   4.16333634e-17 -3.33934269e-17  2.49800181e-16 -1.38777878e-17\n",
      "  -1.32706346e-16 -5.20417043e-18]\n",
      " [-2.49800181e-16  1.00000000e+00  1.56125113e-17 -2.77555756e-17\n",
      "   2.77555756e-17  6.93889390e-18  2.77555756e-17 -4.16333634e-17\n",
      "   4.16333634e-17 -1.11022302e-16]\n",
      " [ 0.00000000e+00  1.56125113e-17  1.00000000e+00  1.38777878e-17\n",
      "  -3.81639165e-17 -6.24500451e-17 -2.77555756e-17  0.00000000e+00\n",
      "   9.02056208e-17 -2.77555756e-17]\n",
      " [-5.55111512e-17 -2.77555756e-17  1.38777878e-17  1.00000000e+00\n",
      "  -3.12250226e-17  3.81639165e-17 -7.02563008e-17 -2.08166817e-16\n",
      "  -2.77555756e-17  1.11022302e-16]\n",
      " [ 4.16333634e-17  2.77555756e-17 -3.81639165e-17 -3.12250226e-17\n",
      "   1.00000000e+00 -5.03069808e-17 -1.94289029e-16  1.38777878e-16\n",
      "   6.93889390e-18 -3.72965547e-17]\n",
      " [-3.33934269e-17  6.93889390e-18 -6.24500451e-17  3.81639165e-17\n",
      "  -5.03069808e-17  1.00000000e+00 -7.41594286e-17 -3.46944695e-17\n",
      "   1.38777878e-17  7.22078647e-17]\n",
      " [ 2.49800181e-16  2.77555756e-17 -2.77555756e-17 -7.02563008e-17\n",
      "  -1.94289029e-16 -7.41594286e-17  1.00000000e+00  4.16333634e-17\n",
      "  -4.16333634e-17 -6.93889390e-17]\n",
      " [-1.38777878e-17 -4.16333634e-17  0.00000000e+00 -2.08166817e-16\n",
      "   1.38777878e-16 -3.46944695e-17  4.16333634e-17  1.00000000e+00\n",
      "  -6.93889390e-18 -2.77555756e-17]\n",
      " [-1.32706346e-16  4.16333634e-17  9.02056208e-17 -2.77555756e-17\n",
      "   6.93889390e-18  1.38777878e-17 -4.16333634e-17 -6.93889390e-18\n",
      "   1.00000000e+00 -3.46944695e-18]\n",
      " [-5.20417043e-18 -1.11022302e-16 -2.77555756e-17  1.11022302e-16\n",
      "  -3.72965547e-17  7.22078647e-17 -6.93889390e-17 -2.77555756e-17\n",
      "  -3.46944695e-18  1.00000000e+00]]\n",
      "=============\n",
      "[[ 1.00000000e+00  4.51028104e-17 -9.02056208e-17 -5.55111512e-17\n",
      "  -1.16226473e-16  1.77809156e-17 -8.76035355e-17 -4.85722573e-17\n",
      "  -3.64291930e-17  2.68882139e-17]\n",
      " [ 4.51028104e-17  1.00000000e+00  1.52655666e-16  6.93889390e-17\n",
      "  -1.04083409e-17 -1.73472348e-17  2.77555756e-17  8.32667268e-17\n",
      "  -2.77555756e-17  1.38777878e-16]\n",
      " [-9.02056208e-17  1.52655666e-16  1.00000000e+00 -2.77555756e-17\n",
      "  -1.38777878e-17 -1.38777878e-17  0.00000000e+00 -3.46944695e-17\n",
      "  -4.85722573e-17 -3.12250226e-17]\n",
      " [-5.55111512e-17  6.93889390e-17 -2.77555756e-17  1.00000000e+00\n",
      "  -5.55111512e-17  0.00000000e+00 -2.77555756e-17 -5.55111512e-17\n",
      "  -2.77555756e-17 -5.55111512e-17]\n",
      " [-1.16226473e-16 -1.04083409e-17 -1.38777878e-17 -5.55111512e-17\n",
      "   1.00000000e+00 -4.77048956e-17 -1.11022302e-16 -3.12250226e-17\n",
      "  -8.32667268e-17  0.00000000e+00]\n",
      " [ 1.77809156e-17 -1.73472348e-17 -1.38777878e-17  0.00000000e+00\n",
      "  -4.77048956e-17  1.00000000e+00  2.25514052e-17 -4.51028104e-17\n",
      "  -2.77555756e-17  2.08166817e-17]\n",
      " [-8.76035355e-17  2.77555756e-17  0.00000000e+00 -2.77555756e-17\n",
      "  -1.11022302e-16  2.25514052e-17  1.00000000e+00 -6.59194921e-17\n",
      "  -2.77555756e-17  8.32667268e-17]\n",
      " [-4.85722573e-17  8.32667268e-17 -3.46944695e-17 -5.55111512e-17\n",
      "  -3.12250226e-17 -4.51028104e-17 -6.59194921e-17  1.00000000e+00\n",
      "  -2.77555756e-17  5.55111512e-17]\n",
      " [-3.64291930e-17 -2.77555756e-17 -4.85722573e-17 -2.77555756e-17\n",
      "  -8.32667268e-17 -2.77555756e-17 -2.77555756e-17 -2.77555756e-17\n",
      "   1.00000000e+00 -9.71445147e-17]\n",
      " [ 2.68882139e-17  1.38777878e-16 -3.12250226e-17 -5.55111512e-17\n",
      "   0.00000000e+00  2.08166817e-17  8.32667268e-17  5.55111512e-17\n",
      "  -9.71445147e-17  1.00000000e+00]]\n",
      "=============\n",
      "[[ 1.00000000e+00  4.59701721e-17 -3.38271078e-17  2.16840434e-17\n",
      "  -6.46184495e-17  1.38777878e-17  3.46944695e-18  4.61870125e-17\n",
      "   2.60208521e-18 -2.93818789e-17]\n",
      " [ 4.59701721e-17  1.00000000e+00  2.77555756e-17 -1.24900090e-16\n",
      "   1.38777878e-17  2.34187669e-17 -6.93889390e-17 -2.08166817e-16\n",
      "  -8.32667268e-17 -2.77555756e-17]\n",
      " [-3.38271078e-17  2.77555756e-17  1.00000000e+00  1.61329283e-16\n",
      "   0.00000000e+00 -4.16333634e-17  6.93889390e-17  2.77555756e-17\n",
      "   2.77555756e-17 -8.32667268e-17]\n",
      " [ 2.16840434e-17 -1.24900090e-16  1.61329283e-16  1.00000000e+00\n",
      "   1.66533454e-16 -5.55111512e-17 -2.42861287e-17 -1.11022302e-16\n",
      "   6.24500451e-17  0.00000000e+00]\n",
      " [-6.46184495e-17  1.38777878e-17  0.00000000e+00  1.66533454e-16\n",
      "   1.00000000e+00  4.85722573e-17 -5.55111512e-17  0.00000000e+00\n",
      "   9.02056208e-17 -1.38777878e-17]\n",
      " [ 1.38777878e-17  2.34187669e-17 -4.16333634e-17 -5.55111512e-17\n",
      "   4.85722573e-17  1.00000000e+00 -2.77555756e-17 -1.38777878e-17\n",
      "  -2.77555756e-17 -1.52655666e-16]\n",
      " [ 3.46944695e-18 -6.93889390e-17  6.93889390e-17 -2.42861287e-17\n",
      "  -5.55111512e-17 -2.77555756e-17  1.00000000e+00  1.38777878e-17\n",
      "  -1.11022302e-16  0.00000000e+00]\n",
      " [ 4.61870125e-17 -2.08166817e-16  2.77555756e-17 -1.11022302e-16\n",
      "   0.00000000e+00 -1.38777878e-17  1.38777878e-17  1.00000000e+00\n",
      "   1.38777878e-16 -5.55111512e-17]\n",
      " [ 2.60208521e-18 -8.32667268e-17  2.77555756e-17  6.24500451e-17\n",
      "   9.02056208e-17 -2.77555756e-17 -1.11022302e-16  1.38777878e-16\n",
      "   1.00000000e+00 -2.08166817e-17]\n",
      " [-2.93818789e-17 -2.77555756e-17 -8.32667268e-17  0.00000000e+00\n",
      "  -1.38777878e-17 -1.52655666e-16  0.00000000e+00 -5.55111512e-17\n",
      "  -2.08166817e-17  1.00000000e+00]]\n",
      "=============\n",
      "[[ 1.00000000e+00  9.79439970e-17 -2.71240019e-17 -1.17264325e-17\n",
      "  -1.52063497e-17 -3.21628829e-17  5.18188129e-18  2.99106110e-17\n",
      "   1.05352424e-17 -6.24270427e-17]\n",
      " [ 9.79439970e-17  1.00000000e+00 -4.35563976e-17 -3.85553818e-17\n",
      "  -2.13122123e-17  1.46739340e-17 -4.31841068e-18  1.33071597e-17\n",
      "   3.95733116e-17 -2.54067054e-18]\n",
      " [-2.71240019e-17 -4.35563976e-17  1.00000000e+00 -5.42978206e-17\n",
      "   2.82069816e-17 -5.41331708e-17 -1.50174283e-16  1.26927400e-16\n",
      "   7.49153374e-17 -5.96092055e-17]\n",
      " [-1.17264325e-17 -3.85553818e-17 -5.42978206e-17  1.00000000e+00\n",
      "  -8.86936057e-18  1.23408010e-17  9.65978510e-17 -9.37477748e-18\n",
      "  -9.56892093e-17 -4.34151317e-17]\n",
      " [-1.52063497e-17 -2.13122123e-17  2.82069816e-17 -8.86936057e-18\n",
      "   1.00000000e+00 -4.66091234e-18  2.93500697e-18  6.56397714e-17\n",
      "  -4.16391176e-17  4.40127002e-18]\n",
      " [-3.21628829e-17  1.46739340e-17 -5.41331708e-17  1.23408010e-17\n",
      "  -4.66091234e-18  1.00000000e+00 -3.88147217e-17  1.75483876e-16\n",
      "  -1.31961000e-17 -5.92210144e-18]\n",
      " [ 5.18188129e-18 -4.31841068e-18 -1.50174283e-16  9.65978510e-17\n",
      "   2.93500697e-18 -3.88147217e-17  1.00000000e+00  7.98564568e-17\n",
      "  -5.07988907e-17 -8.35311983e-18]\n",
      " [ 2.99106110e-17  1.33071597e-17  1.26927400e-16 -9.37477748e-18\n",
      "   6.56397714e-17  1.75483876e-16  7.98564568e-17  1.00000000e+00\n",
      "   6.41070409e-17  9.40630212e-17]\n",
      " [ 1.05352424e-17  3.95733116e-17  7.49153374e-17 -9.56892093e-17\n",
      "  -4.16391176e-17 -1.31961000e-17 -5.07988907e-17  6.41070409e-17\n",
      "   1.00000000e+00  3.04601537e-17]\n",
      " [-6.24270427e-17 -2.54067054e-18 -5.96092055e-17 -4.34151317e-17\n",
      "   4.40127002e-18 -5.92210144e-18 -8.35311983e-18  9.40630212e-17\n",
      "   3.04601537e-17  1.00000000e+00]]\n",
      "=============\n"
     ]
    }
   ],
   "source": [
    "for i in range(1, num_var):\n",
    "    a = ncon([ttrc_interpolator.b[i], ttrc_interpolator.b[i]], [[-1, 1, 2], [-2, 1, 2]])\n",
    "    print(a)\n",
    "    print(\"=============\")"
   ]
  },
  {
   "cell_type": "code",
   "execution_count": 16,
   "metadata": {},
   "outputs": [],
   "source": [
    "for site in range(num_var - 1):\n",
    "    ttrc_interpolator.left_right_update(site)"
   ]
  },
  {
   "cell_type": "code",
   "execution_count": 17,
   "metadata": {},
   "outputs": [
    {
     "name": "stdout",
     "output_type": "stream",
     "text": [
      "(1, 1)\n",
      "(6, 6)\n",
      "(7, 7)\n",
      "(7, 7)\n",
      "(8, 8)\n",
      "(8, 8)\n",
      "(9, 9)\n",
      "(9, 9)\n",
      "(8, 8)\n",
      "(6, 6)\n",
      "(1, 1)\n"
     ]
    }
   ],
   "source": [
    "for p in ttrc_interpolator.p:\n",
    "    print(p.shape)"
   ]
  },
  {
   "cell_type": "code",
   "execution_count": 18,
   "metadata": {},
   "outputs": [
    {
     "name": "stdout",
     "output_type": "stream",
     "text": [
      "(1, 30, 6)\n",
      "(6, 30, 7)\n",
      "(7, 30, 7)\n",
      "(7, 30, 8)\n",
      "(8, 30, 8)\n",
      "(8, 30, 9)\n",
      "(9, 30, 9)\n",
      "(9, 30, 8)\n",
      "(8, 30, 6)\n",
      "(6, 30, 1)\n"
     ]
    }
   ],
   "source": [
    "for b in ttrc_interpolator.b:\n",
    "    print(b.shape)"
   ]
  },
  {
   "cell_type": "code",
   "execution_count": 19,
   "metadata": {},
   "outputs": [],
   "source": [
    "for site in range(num_var - 2, -1, -1):\n",
    "    ttrc_interpolator.right_left_update(site)"
   ]
  },
  {
   "cell_type": "code",
   "execution_count": 20,
   "metadata": {},
   "outputs": [
    {
     "name": "stdout",
     "output_type": "stream",
     "text": [
      "(1, 1)\n",
      "(4, 4)\n",
      "(4, 4)\n",
      "(5, 5)\n",
      "(5, 5)\n",
      "(7, 7)\n",
      "(9, 9)\n",
      "(9, 9)\n",
      "(8, 8)\n",
      "(6, 6)\n",
      "(1, 1)\n"
     ]
    }
   ],
   "source": [
    "for p in ttrc_interpolator.p:\n",
    "    print(p.shape)"
   ]
  },
  {
   "cell_type": "code",
   "execution_count": 21,
   "metadata": {},
   "outputs": [
    {
     "data": {
      "text/plain": [
       "array([4, 4, 5, 5, 7, 9, 9, 8, 6])"
      ]
     },
     "execution_count": 21,
     "metadata": {},
     "output_type": "execute_result"
    }
   ],
   "source": [
    "ttrc_interpolator.bonds"
   ]
  },
  {
   "cell_type": "code",
   "execution_count": 27,
   "metadata": {},
   "outputs": [
    {
     "name": "stdout",
     "output_type": "stream",
     "text": [
      "Sweep 1\n",
      "Sweep 2\n",
      "Sweep 3\n",
      "Sweep 4\n",
      "Sweep 5\n"
     ]
    }
   ],
   "source": [
    "ttrc_interpolator = ttrc(\n",
    "    func=slater,\n",
    "    num_variables=num_var,\n",
    "    grid=grid,\n",
    "    maxvol_tol=1,\n",
    "    truncation_tol=1e-10,\n",
    "    sweeps=5,\n",
    "    initial_bond_guess=10,\n",
    ")\n",
    "\n",
    "mps_ttrc = ttrc_interpolator.run()"
   ]
  },
  {
   "cell_type": "code",
   "execution_count": 29,
   "metadata": {},
   "outputs": [
    {
     "name": "stdout",
     "output_type": "stream",
     "text": [
      "(1, 30, 6)\n",
      "(6, 6)\n",
      "(6, 30, 7)\n",
      "(7, 7)\n",
      "(7, 30, 7)\n",
      "(7, 7)\n",
      "(7, 30, 8)\n",
      "(8, 8)\n",
      "(8, 30, 8)\n",
      "(8, 8)\n",
      "(8, 30, 9)\n",
      "(9, 9)\n",
      "(9, 30, 9)\n",
      "(9, 9)\n",
      "(9, 30, 8)\n",
      "(8, 8)\n",
      "(8, 30, 6)\n",
      "(6, 6)\n",
      "(6, 30, 1)\n"
     ]
    }
   ],
   "source": [
    "for t in mps_ttrc:\n",
    "    print(t.shape)"
   ]
  }
 ],
 "metadata": {
  "kernelspec": {
   "display_name": "tfg",
   "language": "python",
   "name": "python3"
  },
  "language_info": {
   "codemirror_mode": {
    "name": "ipython",
    "version": 3
   },
   "file_extension": ".py",
   "mimetype": "text/x-python",
   "name": "python",
   "nbconvert_exporter": "python",
   "pygments_lexer": "ipython3",
   "version": "3.12.2"
  }
 },
 "nbformat": 4,
 "nbformat_minor": 2
}
